pendiente: -0.841086592512
intercepto: -1.50579848221
