pendiente: -0.913416856835
intercepto: -1.41384613306
