pendiente: -0.920161062746
intercepto: -1.37784644374
