pendiente: -0.710398977607
intercepto: -1.70568246015
