pendiente: -0.621531934524
intercepto: -2.01886630669
